   166354.62601410988        6461.9350865519245     
   487199.00329591706        18924.922071382520     
   500488.98042935226        19441.162416455547     
   508551.45047973352        19754.343716856612     
   255428.39379890915        9921.9465039149291     
   185332.84749193053        7199.1315095566006     
   106553.58856777017        4139.0034594270392     
   33970.530040371901        1319.5627031016643     
   123010.80890450200        4778.2732655580894     
   365189.78053622175        14185.554755159330     
   622498.20318904729        24180.529732678729     
   350941.12756292999        13632.075283080167     
   339069.59105540469        13170.933323115953     
   160730.10394829628        6243.4542582575341     
   239096.17463196139        9287.5322852973804     
