    0.096835885   0.070936352   0.051383829    0.05331777   0.046739722   0.037201459   0.022136063   0.015213408   0.012084919  0.0091379634  -0.007606224   0.018505182   0.028058196   0.032477725   0.022185534   0.027034209   0.029496898   0.027787086    0.02188614   0.013891128   0.015651073   0.012519161   0.040135669   0.035266706   0.025342816   0.019461685   0.014297025   0.011340741  0.0066318834  0.0044577046
    0.070936352   0.066926355   0.047007481    0.04686187   0.043643812   0.037612339   0.024721653   0.019212714   0.017472854     0.0134769  0.0011398722   0.014971445   0.024392045   0.027810961   0.020645795   0.023943565   0.027344526   0.024894003   0.020704083   0.016061686    0.01471948   0.012420046   0.035567523   0.032707423    0.02604932   0.022198517   0.018821369   0.016844571   0.012665827   0.010422878
    0.051383829   0.047007481   0.044001304   0.039099816   0.037221645   0.033234195   0.026997344    0.02439287    0.02306949   0.021380273    0.01569786   0.011051844   0.018123402   0.021726956   0.020946055   0.022569513   0.026219029   0.024063322   0.024512702   0.020825446   0.021187742   0.018421717   0.032288778   0.031023023    0.02718334   0.025086541    0.02306378   0.022377758   0.020603124   0.019157091
     0.05331777    0.04686187   0.039099816   0.047682696   0.039687713    0.03553356   0.027438286   0.025111724   0.024471668   0.022397936   0.010897952   0.012356424   0.017980879   0.022510688   0.017668976   0.023227225   0.026268138   0.025378504    0.02771424   0.016894199   0.019583073   0.020217364   0.030696365    0.03079756   0.027285737   0.025588895     0.0239507   0.022338694   0.019588787   0.017555948
    0.046739722   0.043643812   0.037221645   0.039687713    0.04017943   0.035822125   0.029446383   0.027779033   0.027758807   0.026051834   0.019389506  0.0097289957   0.015855137   0.020985467   0.017920799   0.023723445   0.026580987   0.024994461   0.025078581   0.021678681   0.022862929   0.021143169    0.02902525    0.02995672   0.028016981   0.027173104   0.026428683   0.025370322   0.023761941   0.022559133
    0.037201459   0.037612339   0.033234195    0.03553356   0.035822125   0.037075279   0.030543665   0.030441615   0.031411311   0.029643142   0.024016031  0.0087751364   0.014226513   0.019409402   0.016092066   0.022921655   0.026120183   0.024476732   0.025984196   0.022650654   0.022976262    0.02227356   0.026601866   0.028582218   0.028563574   0.028883366     0.0292739   0.028551852   0.027091524   0.026988264
    0.022136063   0.024721653   0.026997344   0.027438286   0.029446383   0.030543665   0.035438455   0.035655659   0.036510661   0.035841315   0.038561824   0.005335789  0.0098896764   0.011421905     0.0195309    0.02098084   0.022912492   0.023081998   0.026287922   0.027614025   0.026631042    0.02742623   0.024111582   0.027148809    0.02946293    0.03150311   0.032764583   0.033897244   0.035002355   0.035608023
    0.015213408   0.019212714    0.02439287   0.025111724   0.027779033   0.030441615   0.035655659   0.041908104   0.040582982   0.041966658   0.046576661   0.003125005   0.007180235  0.0099550251    0.01948699   0.021240749   0.023381127   0.023211761   0.027735484   0.029174368    0.02974231   0.029725382   0.022455437    0.02645866     0.0302934   0.033734063   0.036139583   0.038101987   0.039885054   0.040963956
    0.012084919   0.017472854    0.02306949   0.024471668   0.027758807   0.031411311   0.036510661   0.040582982   0.048423744   0.045302036   0.050765072  0.0015891627  0.0061080942   0.011037564   0.018149945   0.022305458   0.023178421   0.025316147   0.029606325   0.029895857   0.030520879    0.02873551   0.020777075   0.025422223   0.030490126   0.034757488   0.039247776   0.041104123   0.043778335   0.044666031
   0.0091379634     0.0134769   0.021380273   0.022397936   0.026051834   0.029643142   0.035841315   0.041966658   0.045302036   0.056199218   0.059397002  0.0012738435   0.006916672  0.0085176961   0.018077728   0.021242856   0.023461327   0.023071533   0.029868784   0.030597033   0.032240016   0.033050191   0.020371353   0.024998495   0.030413331   0.035173745   0.040626099   0.045387768   0.049554852   0.050603616
   -0.007606224  0.0011398722    0.01569786   0.010897952   0.019389506   0.024016031   0.038561824   0.046576661   0.050765072   0.059397002   0.086406178 -0.0038928813 -0.0016901664 6.4202426e-05   0.020609547   0.021640344   0.021970034   0.021329102   0.030380587   0.039326114   0.037474909   0.037628502   0.017684834   0.022471268   0.029706446   0.035967709   0.043079648   0.051767878   0.060214182    0.06296226
    0.018505182   0.014971445   0.011051844   0.012356424  0.0097289957  0.0087751364   0.005335789   0.003125005  0.0015891627  0.0012738435 -0.0038928813    0.02414675   0.012113205   0.010498325  0.0046552696  0.0019113781  0.0037538563  0.0045516236  0.0015626835  0.0028148583  0.0031885931   0.002898746  0.0099096726  0.0093430269  0.0077038309  0.0066292001  0.0051053101  0.0038446989  0.0013212588 0.00087294787
    0.028058196   0.024392045   0.018123402   0.017980879   0.015855137   0.014226513  0.0098896764   0.007180235  0.0061080942   0.006916672 -0.0016901664   0.012113205    0.03526459   0.014849207   0.010474738   0.005546061   0.009650125   0.010522946   0.010719762  0.0040370603  0.0073277443  0.0079007735   0.014239252   0.013342485   0.010854834  0.0094423928  0.0077713871  0.0060589408   0.003269228  0.0023257698
    0.032477725   0.027810961   0.021726956   0.022510688   0.020985467   0.019409402   0.011421905  0.0099550251   0.011037564  0.0085176961 6.4202426e-05   0.010498325   0.014849207   0.035339522   0.007126547   0.015636769   0.015330635   0.016185666   0.012519276  0.0095494648   0.009923404   0.009721398   0.016095894    0.01589913   0.013394569   0.011885279   0.010702779   0.008658188  0.0051821109   0.005373078
    0.022185534   0.020645795   0.020946055   0.017668976   0.017920799   0.016092066     0.0195309    0.01948699   0.018149945   0.018077728   0.020609547  0.0046552696   0.010474738   0.007126547   0.048370244   0.016574885   0.019333273   0.019749762   0.018496833   0.023873963   0.022459033   0.018798105   0.019163374   0.018641697   0.017788394   0.017602958    0.01637716   0.017119314   0.017121756   0.017262425
    0.027034209   0.023943565   0.022569513   0.023227225   0.023723445   0.022921655    0.02098084   0.021240749   0.022305458   0.021242856   0.021640344  0.0019113781   0.005546061   0.015636769   0.016574885   0.050582874    0.02358355   0.022182026   0.021782968   0.021587309    0.02148331   0.017977704     0.0192501   0.019397925     0.0185843   0.018399819    0.01829618   0.019067183   0.019807144   0.020369421
    0.029496898   0.027344526   0.026219029   0.026268138   0.026580987   0.026120183   0.022912492   0.023381127   0.023178421   0.023461327   0.021970034  0.0037538563   0.009650125   0.015330635   0.019333273    0.02358355   0.052864728   0.027302335   0.032462967    0.02493075   0.022680343   0.023525698   0.021779403   0.022095412   0.021277046   0.021361599   0.021236404   0.021651774   0.022510267   0.022848809
    0.027787086   0.024894003   0.024063322   0.025378504   0.024994461   0.024476732   0.023081998   0.023211761   0.025316147   0.023071533   0.021329102  0.0045516236   0.010522946   0.016185666   0.019749762   0.022182026   0.027302335   0.055740815   0.030505262   0.028033797   0.026208115   0.026986046   0.021088471   0.022237647   0.022230349   0.022409363   0.022910906    0.02244212   0.022181734   0.023665529
     0.02188614   0.020704083   0.024512702    0.02771424   0.025078581   0.025984196   0.026287922   0.027735484   0.029606325   0.029868784   0.030380587  0.0015626835   0.010719762   0.012519276   0.018496833   0.021782968   0.032462967   0.030505262   0.067412536   0.027701729   0.030222935   0.034748257   0.020807816   0.022260112   0.023068005   0.023983464   0.024874712      0.026346   0.027438703   0.029810102
    0.013891128   0.016061686   0.020825446   0.016894199   0.021678681   0.022650654   0.027614025   0.029174368   0.029895857   0.030597033   0.039326114  0.0028148583  0.0040370603  0.0095494648   0.023873963   0.021587309    0.02493075   0.028033797   0.027701729   0.075720507   0.037726654   0.035486841   0.019304675   0.021253138     0.0236068      0.025494   0.026194753   0.027958445   0.030160405   0.031960826
    0.015651073    0.01471948   0.021187742   0.019583073   0.022862929   0.022976262   0.026631042    0.02974231   0.030520879   0.032240016   0.037474909  0.0031885931  0.0073277443   0.009923404   0.022459033    0.02148331   0.022680343   0.026208115   0.030222935   0.037726654   0.080088747   0.046382942   0.018600886   0.021956306   0.024433493   0.026411755    0.02752838   0.029105569   0.030383721   0.032805562
    0.012519161   0.012420046   0.018421717   0.020217364   0.021143169    0.02227356    0.02742623   0.029725382    0.02873551   0.033050191   0.037628502   0.002898746  0.0079007735   0.009721398   0.018798105   0.017977704   0.023525698   0.026986046   0.034748257   0.035486841   0.046382942   0.075365548   0.019106666   0.021751933     0.0247906   0.027187297   0.028126795   0.030533095   0.032033142    0.03468254
    0.040135669   0.035567523   0.032288778   0.030696365    0.02902525   0.026601866   0.024111582   0.022455437   0.020777075   0.020371353   0.017684834  0.0099096726   0.014239252   0.016095894   0.019163374     0.0192501   0.021779403   0.021088471   0.020807816   0.019304675   0.018600886   0.019106666   0.034928412   0.029768216   0.025339454   0.022988877    0.02083725   0.020934329   0.019937168   0.019947472
    0.035266706   0.032707423   0.031023023    0.03079756    0.02995672   0.028582218   0.027148809    0.02645866   0.025422223   0.024998495   0.022471268  0.0093430269   0.013342485    0.01589913   0.018641697   0.019397925   0.022095412   0.022237647   0.022260112   0.021253138   0.021956306   0.021751933   0.029768216   0.028826385    0.02679334    0.02601533    0.02504527   0.025098798   0.024326779   0.024503067
    0.025342816    0.02604932    0.02718334   0.027285737   0.028016981   0.028563574    0.02946293     0.0302934   0.030490126   0.030413331   0.029706446  0.0077038309   0.010854834   0.013394569   0.017788394     0.0185843   0.021277046   0.022230349   0.023068005     0.0236068   0.024433493     0.0247906   0.025339454    0.02679334   0.027990093   0.028918174   0.029566535   0.029846632   0.029949823   0.030594534
    0.019461685   0.022198517   0.025086541   0.025588895   0.027173104   0.028883366    0.03150311   0.033734063   0.034757488   0.035173745   0.035967709  0.0066292001  0.0094423928   0.011885279   0.017602958   0.018399819   0.021361599   0.022409363   0.023983464      0.025494   0.026411755   0.027187297   0.022988877    0.02601533   0.028918174   0.031607337   0.033278395   0.034049802   0.034995107   0.035916371
    0.014297025   0.018821369    0.02306378     0.0239507   0.026428683     0.0292739   0.032764583   0.036139583   0.039247776   0.040626099   0.043079648  0.0051053101  0.0077713871   0.010702779    0.01637716    0.01829618   0.021236404   0.022910906   0.024874712   0.026194753    0.02752838   0.028126795    0.02083725    0.02504527   0.029566535   0.033278395   0.037658773   0.039062155   0.041070797   0.042186083
    0.011340741   0.016844571   0.022377758   0.022338694   0.025370322   0.028551852   0.033897244   0.038101987   0.041104123   0.045387768   0.051767878  0.0038446989  0.0060589408   0.008658188   0.017119314   0.019067183   0.021651774    0.02244212      0.026346   0.027958445   0.029105569   0.030533095   0.020934329   0.025098798   0.029846632   0.034049802   0.039062155   0.044103476   0.047491998   0.048821918
   0.0066318834   0.012665827   0.020603124   0.019588787   0.023761941   0.027091524   0.035002355   0.039885054   0.043778335   0.049554852   0.060214182  0.0013212588   0.003269228  0.0051821109   0.017121756   0.019807144   0.022510267   0.022181734   0.027438703   0.030160405   0.030383721   0.032033142   0.019937168   0.024326779   0.029949823   0.034995107   0.041070797   0.047491998   0.055386654   0.056557696
   0.0044577046   0.010422878   0.019157091   0.017555948   0.022559133   0.026988264   0.035608023   0.040963956   0.044666031   0.050603616    0.06296226 0.00087294787  0.0023257698   0.005373078   0.017262425   0.020369421   0.022848809   0.023665529   0.029810102   0.031960826   0.032805562    0.03468254   0.019947472   0.024503067   0.030594534   0.035916371   0.042186083   0.048821918   0.056557696   0.064807041
